#nodes latitude longitude
249782331 28.631635 77.2217092
249782337 28.6306928 77.2195322
249782343 28.6318278 77.2175751
249782349 28.63394 77.2176776
249783257 28.6341977 77.2225404
249783291 28.6300832 77.2209174
249783293 28.6298938 77.2194853
249783302 28.6314291 77.2167421
249783308 28.6343031 77.2170406
249783313 28.6355861 77.2188663
249783316 28.6357191 77.2198833
249786848 28.6204246 77.2188628
249786894 28.6197234 77.2268112
249786895 28.6195595 77.2268763
249786899 28.6258484 77.2314813
249786900 28.6260271 77.2316293
249791934 28.6190168 77.2094715
267196314 28.6183027 77.218738
267196320 28.621292 77.2218894
267196336 28.6205552 77.2223059
267196337 28.6218801 77.2215891
267196340 28.6183265 77.2238626
267197815 28.6197837 77.2275144
267197828 28.6217774 77.231646
267197829 28.6228176 77.2317192
267197830 28.6205269 77.2267514
267197831 28.6240167 77.2300608
267198388 28.6302174 77.2181923
267198390 28.6337812 77.2218332
267198392 28.6349075 77.2198366
267198394 28.6339283 77.2197696
267247451 28.6328887 77.2254922
267247452 28.6326094 77.2253915
267247454 28.6316249 77.2247024
267247456 28.6314336 77.2240419
267247460 28.6318574 77.2228317
267247462 28.6319595 77.2266222
267247464 28.6335226 77.2233233
267247468 28.6332724 77.2249216
267249900 28.6263996 77.2063447
267249902 28.6265641 77.2060972
267249903 28.6268512 77.205941
267249905 28.6271043 77.2059456
267249911 28.6273431 77.2072094
267249912 28.6271648 77.2073157
267249914 28.6267676 77.2073144
267249915 28.6264735 77.2070753
267249920 28.6232067 77.2123622
267249923 28.6237589 77.2124882
267249926 28.6237991 77.2129097
267249927 28.6235884 77.2131594
267249930 28.6232603 77.2131566
267249954 28.6215753 77.2154665
267249955 28.6216983 77.2154693
267249959 28.6219251 77.2157512
267249960 28.6219119 77.215909
267249963 28.6216885 77.2161309
267249964 28.6215311 77.2161176
267249967 28.621334 77.2158063
267250973 28.6280493 77.225744
267250978 28.6264956 77.223376
267250981 28.6264435 77.2192551
267250993 28.6268283 77.2156953
267250994 28.6269871 77.2154323
267250995 28.6271859 77.215061
267250999 28.6257292 77.2114352
267251003 28.6281959 77.2127589
267251006 28.626771 77.2107525
267251007 28.628692 77.2106225
267251016 28.6221029 77.2158234
267251573 28.6234111 77.2250182
267251574 28.6242882 77.2211587
267251575 28.6244988 77.2214874
267251576 28.6263259 77.2216316
267251581 28.6237632 77.2221704
267251584 28.6242656 77.2232843
267251585 28.6229856 77.2239929
267251588 28.624711 77.2296809
267251590 28.6274035 77.2288976
267251591 28.6265677 77.2282685
267251592 28.6260707 77.2292199
267251594 28.625752 77.2291414
267251597 28.6274987 77.2266634
267253204 28.6184247 77.2155939
267253206 28.6210967 77.2145461
267253207 28.6193468 77.2144889
267253209 28.6216431 77.2136643
267259245 28.6299956 77.2083499
267259246 28.6298502 77.2098072
267259248 28.6259363 77.20661
267259251 28.6207043 77.2058727
267259252 28.6228987 77.2020945
267259256 28.6246654 77.2016133
267259262 28.6235454 77.2116022
267259263 28.6238889 77.211879
267259266 28.6220134 77.2090833
267259267 28.6225161 77.2091774
267259269 28.6231232 77.2095859
267259270 28.6202778 77.2065585
267259274 28.6206744 77.2066085
267259278 28.6203485 77.2058538
267259280 28.6217061 77.2089103
267259282 28.6202874 77.2103967
267259283 28.6224778 77.2050673
267259287 28.6228498 77.2045041
267259291 28.623135 77.2051321
267259320 28.62177 77.2062749
267259325 28.6224919 77.2028099
267259426 28.6188281 77.2018264
267259435 28.6189235 77.2027168
267259436 28.6206392 77.2037128
267259438 28.6203376 77.2031083
267259442 28.6208685 77.203167
267259450 28.619369 77.2018638
291510966 28.6398486 77.2313408
291542746 28.6435927 77.2279576
291542985 28.6432261 77.2292747
308722765 28.6424623 77.2268846
308723081 28.6426098 77.2272653
345234446 28.6337254 77.2058886
345234450 28.6335429 77.2053792
345234453 28.6338352 77.2053119
345234455 28.6359892 77.2017427
345234460 28.6339194 77.205377
345234466 28.6410366 77.2051648
345234471 28.6359205 77.2018833
345234473 28.6358276 77.2018164
345265062 28.6411826 77.2052862
345265068 28.6411042 77.2054196
345265121 28.6344291 77.2171312
395135071 28.6324712 77.2085003
395135085 28.6327368 77.212823
395135093 28.6321715 77.2132927
395135103 28.6312729 77.2161249
395135111 28.6417713 77.2235974
395135138 28.6409537 77.2258197
432874004 28.6397138 77.2079363
432874005 28.6352571 77.2180055
432874009 28.6418752 77.2184547
432874010 28.6411016 77.2137121
432874012 28.6410398 77.2127098
450631313 28.6376045 77.2116232
450631428 28.6393946 77.212982
450631435 28.6405565 77.2132133
450632353 28.6418392 77.2182268
450633478 28.6441051 77.218022
450636860 28.6429663 77.2125822
450636863 28.6436371 77.2123954
450637037 28.640635 77.2107854
450637708 28.6406969 77.2087776
450637709 28.6438381 77.2095233
450637793 28.6429258 77.211451
450637798 28.6409907 77.2106816
450637800 28.6406968 77.2084899
450637861 28.6425823 77.2092089
450638039 28.6427229 77.2104566
450638041 28.6436195 77.2120531
450638381 28.6428388 77.2167314
450638384 28.6428335 77.2171936
450638389 28.6418203 77.2181178
450638754 28.6419743 77.2165368
450638756 28.6419864 77.2171617
450638758 28.642295 77.2179478
450638826 28.6415745 77.21661
450639204 28.6394984 77.2155866
450639208 28.6404267 77.2157564
450639211 28.640419 77.2167362
450639340 28.6404098 77.215013
450639343 28.6395647 77.2131038
450639364 28.6404112 77.2170631
458640632 28.63656 77.2310136
458640633 28.6367168 77.2288378
458640636 28.6365532 77.2284558
458640638 28.6368453 77.2284016
458640640 28.6369148 77.2286984
458640642 28.6391336 77.2244473
458640643 28.6351061 77.227352
458640649 28.6437346 77.2238002
458640653 28.6439347 77.2243346
458640658 28.644354 77.2237746
458640661 28.6427097 77.2267258
458640663 28.6428214 77.2267746
458640665 28.6428806 77.2271593
561316935 28.6440651 77.2280421
561316941 28.644831 77.2314945
562591515 28.6339823 77.2054873
562591519 28.6339965 77.2056365
562591570 28.6335138 77.2085801
562591572 28.6359477 77.2062588
562591589 28.6392814 77.2076259
562591601 28.6332621 77.2127579
562615476 28.6299273 77.2014966
616563687 28.6443551 77.2153246
621248441 28.620368 77.2066199
621248447 28.6230299 77.2126312
883993784 28.6316656 77.2283717
912971480 28.6355015 77.2181403
915472512 28.6427819 77.2031913
915472761 28.6432713 77.2031949
915473666 28.6431739 77.203644
915473757 28.6431992 77.2031009
915473919 28.642988 77.2036923
928488602 28.6411482 77.2053421
928488603 28.6410574 77.2084735
928488610 28.6423239 77.2061518
928490290 28.6417877 77.2086471
928490293 28.6431038 77.2090304
928490302 28.642943 77.2065782
938372517 28.6445053 77.2179722
938372523 28.6379408 77.2199895
938409400 28.6396684 77.2234059
938409406 28.6407125 77.2234942
938409431 28.6449451 77.2235954
938409459 28.6438701 77.2278793
938409480 28.6406537 77.2310134
938409521 28.6423863 77.2273019
938409535 28.643399 77.2237426
938409610 28.6403916 77.2314432
938409674 28.6407736 77.2316235
938409719 28.6424513 77.2270892
939091064 28.6311245 77.222658
939091095 28.6337427 77.2203928
939091123 28.631405 77.2225605
943559774 28.6410017 77.2052337
943560066 28.6326628 77.2048376
943560121 28.6292226 77.204663
943560162 28.6222165 77.2074834
943560221 28.6282528 77.2044852
943560309 28.6397089 77.2076279
943560313 28.6349972 77.2032938
943560427 28.6342653 77.204615
943560822 28.628627 77.2016927
943640734 28.6448221 77.2140903
943641058 28.6444584 77.2153723
971653360 28.6213754 77.2262607
974362888 28.641404 77.2155636
974362889 28.6413435 77.2151812
1191294738 28.6284041 77.2174125
1191294743 28.6290735 77.2177243
1191294765 28.6316347 77.2195809
1191294788 28.6305163 77.2129482
1191294802 28.6316806 77.212541
1191294803 28.6318698 77.2189724
1191294813 28.6322487 77.2122221
1191294827 28.6284221 77.2178041
1191294833 28.6293363 77.2172711
1271972179 28.6274992 77.2062655
1309626385 28.6194337 77.2272244
1309626391 28.6195511 77.2274453
1309626396 28.6199617 77.2269172
1309626400 28.6200444 77.2270972
1309626422 28.6220818 77.2257896
1309626423 28.6221132 77.2258604
1309626424 28.6228308 77.225325
1309626425 28.6228747 77.2254223
1309626431 28.6234479 77.2250972
1309626438 28.6239476 77.224809
1309626441 28.6247267 77.2242619
1309626442 28.6247704 77.2243583
1309626444 28.626468 77.2232972
1309626482 28.630292 77.221405
1349091937 28.6428032 77.2104772
1349091938 28.6432124 77.2119669
1349091939 28.6429593 77.2172128
1349091940 28.6424831 77.2126419
1349091941 28.6419826 77.2145241
1349091949 28.6436553 77.2106573
1349091950 28.64451 77.2096865
1349091954 28.6426617 77.2166931
1349091957 28.6434358 77.2106154
1349091958 28.6426043 77.2170043
1349091960 28.6445211 77.2108324
1349091961 28.642546 77.215731
1349091963 28.6444579 77.2124486
1349091968 28.6411049 77.2113023
1349091969 28.644307 77.2096363
1349091974 28.6424738 77.2121374
1349091977 28.6447245 77.2097314
1349091978 28.6428937 77.2112621
1349091979 28.6442955 77.2107842
1349091981 28.6449373 77.2097798
1349091982 28.643899 77.209238
1349091984 28.6440508 77.2124001
1349091985 28.6443873 77.2093432
1349091986 28.6434076 77.216691
1349091990 28.6411861 77.2142663
1349091991 28.6446832 77.2125024
1349091992 28.6429672 77.2161447
1349091994 28.6425762 77.2160141
1349091996 28.6425784 77.2126363
1349091998 28.642247 77.2145104
1349092000 28.641836 77.2145373
1349092001 28.6422009 77.2149185
1349092003 28.6430336 77.2169037
1349092009 28.643877 77.2107027
1349092014 28.6404972 77.2098797
1349092015 28.6408206 77.2097497
1349092016 28.6414636 77.2096399
1349092017 28.6418264 77.2132861
1349092018 28.6449455 77.2109271
1349092023 28.6426378 77.2157579
1349092024 28.6414241 77.209307
1349092025 28.642833 77.2109042
1349092028 28.6413673 77.2153277
1349092029 28.6421431 77.2152628
1349092030 28.6429803 77.211869
1349092032 28.6447876 77.2133084
1349092033 28.6449207 77.2125531
1349092035 28.6440925 77.2107446
1349092036 28.6426672 77.2098256
1349092037 28.6434197 77.2119978
1349092038 28.64287 77.2165886
1349092041 28.6427753 77.2177668
1349092043 28.6425984 77.2093697
1349092045 28.6413328 77.2151093
1349092046 28.6422548 77.2142903
1349092048 28.6430208 77.210536
1349092049 28.6420585 77.2130151
1349092050 28.6409149 77.2101863
1349092052 28.6431819 77.2172886
1349092053 28.6412837 77.2147921
1349092054 28.6421041 77.2132316
1349092055 28.6407552 77.2094618
1349092057 28.6415405 77.2127425
1349092059 28.6420278 77.2126884
1349092063 28.6414723 77.213282
1349092064 28.6436456 77.2094869
1349092065 28.6438333 77.2123467
1349092069 28.6419719 77.2148836
1349092070 28.6417065 77.2127221
1349092071 28.6432229 77.2105766
1349092073 28.6421668 77.2133391
1349092074 28.6424024 77.2166208
1349092076 28.6449559 77.2133465
1349092077 28.6423091 77.2133657
1349092078 28.6427446 77.2121261
1349092081 28.6447271 77.2108782
1349092086 28.6432217 77.2093885
1349092090 28.6442542 77.2124303
1349092091 28.642996 77.2093361
1349092094 28.6413694 77.2089442
1349092095 28.6434366 77.2094383
1349092096 28.6419613 77.2142451
1368046429 28.618889 77.2089433
1368046436 28.6186666 77.2096337
1376266468 28.6410963 77.2136769
1376266492 28.6416408 77.213336
1376266494 28.6413875 77.2134999
1376300238 28.639656 77.2139662
1376300298 28.6405855 77.2136796
1376300341 28.6408813 77.2152017
1556471313 28.6250952 77.2250985
1588306351 28.6428914 77.2301299
1588306352 28.6431643 77.2294404
1588306353 28.6431184 77.2302283
1588306357 28.6433888 77.2293545
1588306358 28.643974 77.2282189
1588306360 28.6442173 77.2277912
1588306366 28.6449176 77.227887
1666858658 28.6373862 77.2147056
1668978741 28.6351945 77.2274106
1762944960 28.6298231 77.2226204
1762944963 28.6306849 77.2232549
1762945073 28.6293982 77.2217071
1762977390 28.6356953 77.218387
1762977414 28.6357466 77.2182675
1762977534 28.6316729 77.2166601
1762989517 28.6198106 77.219459
1762989519 28.6197489 77.2182462
1762989529 28.6200152 77.2182463
1762989545 28.619508 77.2183974
1762989550 28.6202892 77.2197189
1763009596 28.6328601 77.2312381
1763141108 28.6385942 77.2129528
1763141111 28.6371554 77.2143171
1763141112 28.6385462 77.214542
1763141115 28.6388716 77.2134627
1763141116 28.6392043 77.2133946
1763141117 28.6384782 77.2141382
1763141118 28.6383448 77.2143827
1763141120 28.6386763 77.212812
1763141121 28.6393173 77.2131988
1763141123 28.6380675 77.2137969
1763141124 28.6384593 77.2131714
1763141125 28.6390037 77.2132477
1763864242 28.640486 77.2314656
1763864248 28.6403682 77.2315637
1763864297 28.6397645 77.231427
1763864329 28.6406321 77.2307422
1802509331 28.6428336 77.2182369
1802525706 28.6416334 77.202469
1802525707 28.6383489 77.2047649
1802525708 28.6371307 77.2069434
1802525711 28.6357911 77.2059365
1802525712 28.6403633 77.2046936
1802525717 28.6389122 77.2037832
1869716862 28.631252 77.2224344
1869716889 28.6321678 77.2207567
1869716891 28.6322574 77.2185744
1869716895 28.6329636 77.2164245
1869716906 28.6333557 77.2208092
1869716913 28.6334054 77.2186161
1869716916 28.6334419 77.2228984
1869716945 28.6345795 77.2210037
1869716959 28.6374535 77.2115075
1869717014 28.640835 77.2135975
1869899442 28.6350729 77.2033984
2431986249 28.6262047 77.2175777
2431986255 28.627177 77.2175566
2431986256 28.6271445 77.2193008
2431986321 28.6326364 77.2054192
2592537501 28.6293291 77.2216652
2592537503 28.6338319 77.2088301
2592537506 28.6342085 77.2082242
2592537508 28.6343052 77.2066733
2592537510 28.6339918 77.2056557
2592537518 28.6349166 77.2071298
2592537520 28.6351459 77.2080681
2657888911 28.6440324 77.2167774
2657888913 28.6440822 77.2177163
2715812712 28.633497 77.2054523
2729133220 28.6449594 77.204425
2933066913 28.6359915 77.226037
2933066916 28.6366601 77.2265803
2933066919 28.6366929 77.2267738
2933066927 28.636852 77.2267351
2933066931 28.6374543 77.2273142
2934942130 28.6435444 77.2279119
2934942134 28.6438591 77.2276201
2946891534 28.6290972 77.2314731
2946891535 28.6294253 77.2268145
2946891543 28.629641 77.2318139
2946891544 28.6297906 77.226947
2946891547 28.6309941 77.2282462
2946891549 28.6315142 77.2286218
2967264854 28.6376651 77.2142725
2967264858 28.6385532 77.2154209
2967264859 28.6387423 77.2150987
2967264860 28.6387831 77.2156061
2967264862 28.638907 77.2148364
2967264865 28.6391175 77.2143023
2967264866 28.6391387 77.2144537
2967264876 28.6394315 77.2150635
2978721068 28.6427645 77.2037221
2978721072 28.64309 77.2048788
2978721073 28.6433722 77.2044659
2978721077 28.6440351 77.2060099
2978721080 28.6444872 77.2071126
3047095605 28.6408481 77.2156473
3177903051 28.6369928 77.2111703
3504623687 28.6274252 77.2228478
3504623688 28.6278294 77.2238029
3504623690 28.6269423 77.2243353
3511729589 28.6449304 77.2023105
3511729590 28.6438651 77.2014424
3546111763 28.6303213 77.2027458
3648355189 28.6397497 77.2165379
3648355191 28.6401933 77.2157575
3661513065 28.627858 77.2087948
3661513066 28.6279397 77.2087482
3661513068 28.6287651 77.2105607
3661513070 28.6293103 77.2118078
3661513071 28.6298604 77.2114963
3742418043 28.6203363 77.2185074
3742418047 28.6213872 77.2159923
3742418068 28.6219119 77.2156887
3742418071 28.6227661 77.2138036
3742418073 28.6230497 77.2128937
3743678685 28.6232759 77.230505
3744502766 28.6292208 77.2257948
3744502776 28.6310064 77.222269
3947529835 28.6303392 77.2179008
3947530960 28.6395114 77.2079346
3947530961 28.6395687 77.20782
4083435341 28.6270239 77.2153592
4083435383 28.6293694 77.2171227
4083436490 28.6305317 77.2176681
4231387109 28.6271546 77.2184035
4231387111 28.6283893 77.2184091
4231821247 28.6309784 77.2033684
4231821248 28.6314189 77.2026156
4231821260 28.6396125 77.204296
4231821261 28.6397254 77.2055519
4231821264 28.6398951 77.2056329
4231821268 28.6403811 77.2048198
4231821269 28.6405628 77.2060557
4234992496 28.6370945 77.2086205
4234992497 28.6370637 77.2070615
4234992498 28.6377056 77.2075275
4234992502 28.6435292 77.2068947
4398510560 28.6271708 77.2171881
4774765614 28.6400908 77.2106379
4774765615 28.6406012 77.2105423
4808285378 28.6323433 77.210326
5343358490 28.6299581 77.2320674
5345583360 28.6261983 77.2048599
5415676369 28.6287096 77.2311979
5415676370 28.6275315 77.2320507
5415676371 28.6275477 77.231494
5415676373 28.6277284 77.2304399
5432771962 28.6260101 77.2193238
5434483896 28.6269024 77.2153661
5434483908 28.6259858 77.2172912
5434483914 28.6290186 77.2261345
5434483918 28.62858 77.2261894
5434484022 28.6285376 77.2262699
5434484025 28.6286688 77.2267907
5434484027 28.6262918 77.2196953
5434484031 28.6262102 77.2223841
5434484032 28.6261952 77.2216316
5434484033 28.6262311 77.2207815
5434484041 28.6263138 77.2192455
5434484044 28.6262041 77.2222295
5434484049 28.6263783 77.2233409
5434484052 28.6264024 77.223418
5434484056 28.6280039 77.2258234
5483954454 28.6208644 77.2063504
5483954459 28.6201793 77.2060456
5484083380 28.623551 77.2123092
5485189721 28.626355 77.2067774
5487506617 28.6246947 77.2106381
5487856795 28.6261087 77.2317998
5487856796 28.6260607 77.231682
5487856797 28.6257826 77.2314581
5487856800 28.6253926 77.2315694
5638613639 28.6429241 77.2270136
5638613755 28.641209 77.204857
5638613761 28.6407467 77.2049717
5681296950 28.6425099 77.2268054
5681296951 28.6378324 77.2233108
5681296953 28.6352759 77.221439
5681296954 28.6352119 77.2215437
5681296956 28.6376085 77.2231437
5681296958 28.6391778 77.2243133
5681296959 28.6401506 77.2250553
5681296960 28.6410088 77.2256986
5681321306 28.6363052 77.2223329
5681321307 28.6363652 77.2222342
5681450581 28.629882 77.2197655
5681450591 28.6243377 77.2192225
5681450592 28.6212854 77.2190376
5681450598 28.620411 77.2189845
5681450599 28.6263065 77.2193396
5681450601 28.6289849 77.2195265
5681450605 28.6264348 77.2193638
5682466818 28.6266857 77.2157201
5682466820 28.6261796 77.2159548
5682467523 28.6261306 77.2158836
5792664481 28.6204995 77.2101437
5792664486 28.6200822 77.2102472
5792664494 28.6204928 77.2105484
5792664509 28.6216689 77.209209
5792664521 28.620716 77.2065798
5792664560 28.6287386 77.2267739
5792664570 28.6291518 77.2260813
5792664578 28.6265854 77.219272
5792664579 28.6264434 77.219034
5792664580 28.6263256 77.21892
5792664581 28.6260908 77.219231
5799521445 28.6297429 77.2144904
5799521452 28.6299309 77.2170525
5799521553 28.6301883 77.2172466
5799521554 28.6296771 77.2168101
5799521561 28.6278123 77.2129548
5799521565 28.6297515 77.2161416
5799663725 28.6288256 77.2167229
5799663728 28.6283808 77.216396
5799663732 28.6283967 77.2165741
5799663735 28.6288764 77.2169405
5802016585 28.6247769 77.2066592
5802016591 28.625941 77.2065201
5802016594 28.625002 77.206454
5809063021 28.6264269 77.2196132
5809063022 28.6266548 77.2193689
5977448434 28.6218274 77.2160528
6153249679 28.6252474 77.2318577
6153249680 28.6252425 77.2319706
6153253285 28.621161 77.2316897
6153253286 28.6211612 77.2316058
6153253304 28.622846 77.2317968
6153253306 28.6217835 77.2317284
6191789608 28.6449691 77.2149396
6191789609 28.6446264 77.21478
6213742109 28.6226417 77.2137928
6213742115 28.6228245 77.213833
6213742118 28.622542 77.2143045
6213742119 28.6227006 77.213912
6234228027 28.6289139 77.2266966
6234228030 28.6291314 77.2267262
6234228031 28.6293707 77.2269147
6351713174 28.627931 77.2050229
6436172961 28.622155 77.2221516
6436172963 28.6229135 77.2226416
6436408280 28.6271877 77.2155913
6436532340 28.626326 77.2221119
6436625363 28.6244407 77.2072451
6436625369 28.6242618 77.2065309
6436650499 28.6302742 77.2141649
6436657802 28.6317918 77.2158251
6436821125 28.6218262 77.2054551
6436821126 28.6211993 77.2050245
6437643223 28.6325574 77.2319762
6437668039 28.6370997 77.2199557
6437715963 28.6266901 77.2231705
6437715964 28.6263473 77.222984
6437796368 28.6330929 77.2080004
6437796369 28.633106 77.2076957
6437796370 28.6331311 77.2073803
6437796372 28.6331596 77.207063
6437796373 28.6335717 77.2080323
6437796374 28.63249 77.2079602
6437796375 28.6335941 77.2077197
6437796376 28.6325042 77.2076482
6437796379 28.6336164 77.2074085
6437796380 28.6325141 77.2073247
6437796381 28.632526 77.2070108
6437796382 28.6336384 77.2071026
6437796383 28.6333 77.2069078
6437796384 28.6333544 77.2061427
6437797485 28.6325352 77.2068342
6437797486 28.6336505 77.2069336
6437797487 28.6330246 77.2068876
6437797488 28.6330708 77.2061215
6437797489 28.6326 77.2061098
6437797491 28.6337049 77.206175
6438027823 28.6305666 77.2289656
6438027824 28.6310894 77.2293404
6438876521 28.6436568 77.2022809
6439020983 28.6374256 77.2235838
6439021689 28.6379377 77.2234861
6439021690 28.6372715 77.2230364
6439021695 28.6373343 77.2234908
6439049449 28.6356648 77.2071183
6439049451 28.6356389 77.2068071
6439081881 28.6356328 77.2310219
6439164655 28.6363948 77.2137395
6439164658 28.636105 77.2142417
6439164662 28.6364741 77.2140997
6531585510 28.6231193 77.2112594
6531650304 28.6363087 77.2063255
6531655529 28.6278951 77.2030775
6531655534 28.6272014 77.2026873
6541904366 28.6443824 77.212787
6541904367 28.6436808 77.2127233
6541904382 28.6444612 77.2142011
6541904383 28.6447469 77.2132991
6541904384 28.6436562 77.2130394
6541906285 28.6435105 77.2138683
6541906286 28.6446642 77.2142722
6552977584 28.6309433 77.2102047
6576363382 28.6316472 77.2297643
6576363383 28.629892 77.2301168
6576363384 28.6304051 77.2305455
6576363386 28.6294461 77.2308777
6576363387 28.629977 77.2312562
6576363388 28.6304543 77.2315785
6576363389 28.6296288 77.2305659
6576363390 28.6301626 77.230948
6576363391 28.6306114 77.2312747
6576363392 28.6307963 77.2285738
6576363393 28.6313274 77.2289379
6576363394 28.6318637 77.2293173
6576363395 28.6292771 77.2311661
6576363396 28.6298079 77.2315369
6576363398 28.6303082 77.2294065
6576363399 28.6308395 77.2297982
6576363400 28.6301371 77.2296985
6576363401 28.6306562 77.2301287
6576464200 28.6336235 77.2041642
6576464201 28.6338033 77.2037997
6576464203 28.6338456 77.2043202
6576464204 28.6340576 77.2039177
6576464207 28.6334722 77.2055377
6576464208 28.6331971 77.2055217
6576464209 28.6326289 77.2055004
6636511947 28.6428187 77.2236859
6636511951 28.6418919 77.2263497
6637358436 28.6266137 77.2236782
6637358439 28.6267042 77.2232575
6646336237 28.6315818 77.2170792
6649221978 28.6285861 77.2248053
6649221979 28.6279523 77.2239806
6649221980 28.6291654 77.2233121
6666317455 28.6193528 77.2189846
6666317458 28.6193463 77.2187442
6666317460 28.6183013 77.2188299
6702699408 28.6194977 77.219283
6702715205 28.6188512 77.2250717
6702715208 28.6187677 77.225152
6702715212 28.6188464 77.2252175
6702715216 28.6187755 77.2251077
6702715249 28.6188037 77.2252111
6702715261 28.6199931 77.2273684
6702715292 28.6202516 77.2192988
6702715300 28.6256163 77.2314481
6702715313 28.6227972 77.2254662
6702715314 28.6227553 77.2253716
6702715318 28.6213859 77.2222157
6702715319 28.621206 77.2219287
6702715320 28.6211611 77.2216853
6702715325 28.6200065 77.2194479
6702715349 28.6264746 77.2319912
6720350030 28.6357504 77.2183568
6720350039 28.6371513 77.2184745
6720350065 28.6445146 77.2180665
6720393087 28.6201675 77.2063848
6720393108 28.6208702 77.2061442
6720393121 28.6217639 77.2063527
6720393130 28.6248392 77.2064586
6720393131 28.6248272 77.2065376
6738363908 28.6209014 77.2316732
6742341827 28.6212726 77.2126877
6742341855 28.6194953 77.218
6742341897 28.6184726 77.2094805
6742341898 28.6189657 77.2095424
6758692739 28.626091 77.2235974
6758692740 28.6265847 77.2238129
6761961053 28.6286654 77.2266549
6965585184 28.6441158 77.2181099
6985955255 28.6389947 77.2228494
6985955256 28.6389568 77.2233543
7048416704 28.6421381 77.2266472
7084322359 28.6447694 77.2268392
7084322369 28.6445278 77.2297116
7084322370 28.6444913 77.2297967
7084322382 28.6444368 77.2301607
7223006826 28.6334518 77.2090799
7223006828 28.6324316 77.209005
7232925569 28.6299083 77.2090837
7232925570 28.6324154 77.2092478
7247334403 28.6336917 77.2023332
7262926243 28.6202286 77.2104364
7469479224 28.6448181 77.2282343
7471269551 28.6432627 77.2302684
8400134770 28.6449584 77.2301806
8475062198 28.6249687 77.2302338
8607089356 28.6437661 77.2275416
9052026097 28.6435205 77.2276442
9052026098 28.6436149 77.2275479
9179060002 28.6347073 77.2309837
9179109945 28.6234051 77.2237555
9179109962 28.6378358 77.2139763
9179109963 28.6378811 77.2138977
9179109964 28.6373327 77.21349
9179109965 28.6390556 77.2145909
9179109967 28.6386843 77.2142957
9179109977 28.6403224 77.2143423
9179109985 28.6404912 77.2136961
9179112328 28.6445672 77.2315895
9179112441 28.6286867 77.2315906
9179112452 28.632475 77.2270087
9179112454 28.6314443 77.2302339
9179118824 28.6432192 77.2313374
9179118825 28.643283 77.2311236
9179118826 28.642848 77.2312226
9179118827 28.6425773 77.2311292
9179118833 28.6438037 77.2306161
9179118834 28.6438356 77.2302346
9179118868 28.6299742 77.2114389
9179118871 28.6294043 77.2101813
9179118872 28.6288297 77.2082759
9179118876 28.6295075 77.2101138
9186342836 28.6251675 77.2098334
9186342839 28.6255915 77.209104
9195108424 28.6260878 77.2216224
9195136047 28.6256844 77.2215881
9195140172 28.6259878 77.2235514
9212659809 28.6270246 77.2299002
9212682321 28.6292961 77.2258554
9212682329 28.6308165 77.2234121
9212682340 28.6272785 77.2155756
9221708422 28.6231366 77.2261175
9221708424 28.622462 77.2246224
9234696669 28.6302257 77.2240555
9234696672 28.6306096 77.2232032
9579967710 28.63335 77.2247762
9579967713 28.6341666 77.2233681
9713061604 28.6355612 77.2091398
9713061606 28.636107 77.2080883
9743073670 28.6287018 77.2036839
9790022349 28.6216993 77.2114998
9794183553 28.627188 77.2147019
9794183554 28.6269395 77.2152956
9794237530 28.6204906 77.2106333
9794237531 28.618969 77.2090116
9794237532 28.6225445 77.2028485
9794237533 28.6212816 77.2050895
9794237535 28.6229656 77.2021014
9794237537 28.6207905 77.2059608
9794237541 28.6298815 77.2014643
9794237542 28.6286569 77.20365
9794237549 28.6277467 77.2051588
9794237551 28.6278548 77.2050082
9798119672 28.6431201 77.2089402
9798119673 28.6426464 77.2089354
9798119674 28.6407147 77.2083796
9798119678 28.6396588 77.2080356
9843212090 28.638213 77.2045329
9843212091 28.6385679 77.2038997
9843212092 28.63774 77.2041469
9843212093 28.6376093 77.204027
9843212094 28.6379093 77.2035489
9843212095 28.6374527 77.2039063
9843212096 28.6377326 77.2034389
9843212097 28.6373127 77.2037923
9843212098 28.6375824 77.2033455
9843212099 28.6371632 77.203677
9843212105 28.6380416 77.2036587
9843212108 28.6387673 77.204047
9843212114 28.6331458 77.2054384
9843216008 28.637837 77.2091991
9843216009 28.6369478 77.2085264
9843216010 28.6372662 77.2080027
9843216011 28.6369663 77.2077826
9843216012 28.6372185 77.2073288
9843216013 28.6367488 77.207623
9843216014 28.6380954 77.2099721
9843216016 28.6354641 77.2075157
9843218520 28.6343709 77.2059056
9843218522 28.6353236 77.2099327
9843218526 28.6364879 77.2080881
9843218529 28.636926 77.2102754
9843218532 28.6374015 77.2095108
9843218542 28.6382355 77.2086345
9843218543 28.6377281 77.2083368
9843218544 28.6378614 77.208085
9843218545 28.6379995 77.2078338
9843218546 28.6379424 77.2081375
9843218547 28.6376973 77.2079785
9843218548 28.6375567 77.2082157
9843218549 28.6378871 77.2076585
9843218550 28.6373797 77.208086
9843218556 28.6384735 77.2084928
9843224224 28.6328354 77.2036106
9843224225 28.633599 77.202265
9843268844 28.6401101 77.2048854
9843268845 28.6392595 77.2064786
9843268849 28.6398735 77.2065963
9843268850 28.6395791 77.2069828
9843268854 28.6400251 77.2056795
9843268856 28.6393571 77.2054407
9843268862 28.639667 77.2041866
9843274051 28.6358937 77.2016814
9843274057 28.6378483 77.2056727
9843353235 28.6340152 77.2061794
9843353236 28.634256 77.2058276
9843353239 28.6334022 77.2051782
9843353240 28.6331769 77.2051408
9843353243 28.635851 77.2072272
9843353246 28.643685 77.2066226
9843353247 28.643765 77.2069484
9843353248 28.6345147 77.2029388
9843353250 28.6353551 77.2014695
9843486079 28.6276141 77.2020449
9843486080 28.6282194 77.2025033
9843486081 28.627066 77.2016372
9843524727 28.6301769 77.2016839
9843524735 28.6303435 77.2018088
9843524739 28.630528 77.2042039
9843554406 28.6286292 77.2023788
9843554407 28.6290426 77.2026373
9843554408 28.6292661 77.2022501
9843554412 28.629011 77.2030179
9843554413 28.6290539 77.2030554
9843554414 28.6279488 77.2015192
9843555972 28.6240035 77.2058788
9843555974 28.6240337 77.2045057
9843555975 28.624665 77.204126
9843555976 28.6237414 77.2038327
9843555977 28.6243688 77.2034498
9843555978 28.6253473 77.2057034
9843555988 28.6185864 77.2018455
9843555989 28.6186807 77.2019718
9843579519 28.628854 77.2051325
9843579523 28.6309778 77.2051005
9843579524 28.6309916 77.2047924
9843579525 28.6298405 77.2050195
9843579526 28.6298348 77.205215
9843579527 28.62985 77.2046922
9843616380 28.6248435 77.2056887
9843616381 28.6242514 77.2043812
9843616382 28.6239513 77.2036854
9843958838 28.6299795 77.2101135
9857860386 28.630796 77.2163011
9857860395 28.631128 77.2161049
9857860406 28.6316817 77.2131636
9857860410 28.630675 77.2133095
9857987460 28.6310111 77.2258729
9857987475 28.6311825 77.2307807
9857987478 28.6309405 77.2306422
9857987481 28.6308482 77.2308177
9858009521 28.6208126 77.2139246
9859502221 28.6316107 77.2140292
9859502222 28.6311235 77.2143196
9859541734 28.6270492 77.2314465
9860744486 28.6376764 77.2231944
9872727149 28.6268025 77.2298083
9872727150 28.6273612 77.2288652
9873623151 28.6401322 77.2157567
9873623154 28.6401572 77.2153208
9873623160 28.640586 77.2142534
9873655558 28.6421171 77.214037
9873655562 28.6429868 77.2133411
9873655598 28.6433809 77.2179481
9873655600 28.6428155 77.2180907
9873677619 28.6383494 77.2133468
9873677620 28.6387573 77.2136559
9873677621 28.6391288 77.2130379
9873677622 28.6382124 77.2135657
9873677623 28.6386311 77.2138695
9873677637 28.6399883 77.2167311
9873677642 28.6404027 77.2164658
9873677650 28.6389719 77.2152825
9873677651 28.6392034 77.2146999
9873677660 28.6396386 77.2138802
9873677661 28.6410612 77.2159812
9873677665 28.6414496 77.2157907
9873910564 28.6351862 77.2317373
9873910565 28.6358183 77.2317875
9873910567 28.6358427 77.231375
9873910568 28.6358673 77.2310464
9873910569 28.6352066 77.2313032
9873910593 28.6416724 77.2244178
9873910595 28.6407273 77.2254876
9874048003 28.6445705 77.2261436
9874066836 28.6365926 77.2305616
9874283602 28.6422156 77.2091289
9874283606 28.6382964 77.2127159
9874317356 28.6346551 77.2316901
9874317357 28.632516 77.2269196
9874317374 28.6442484 77.2317256
9874317375 28.6430558 77.2319803
9874317378 28.6430715 77.2304006
9880451646 28.6351806 77.2215809
10225136820 28.6294641 77.2022093
10230413735 28.6300028 77.215569
10230413737 28.6296033 77.2158039
10239800530 28.6306186 77.2265804
10241688268 28.6421587 77.2079829
10241688269 28.6415407 77.2075875
10246421063 28.6308967 77.2207434
10246421064 28.6305647 77.220915
10254839121 28.631057 77.2303829
10254839122 28.6313054 77.2305249
10254839123 28.6312171 77.2300702
10254839124 28.6307551 77.2299505
10254839125 28.6302179 77.2295606
10254839126 28.6303036 77.2318888
10254979373 28.6281249 77.2205815
10255100650 28.6242774 77.220593
10255323278 28.6291341 77.2317722
10255323282 28.6292341 77.2317783
10255323283 28.6286761 77.2317513
10259078987 28.6429235 77.2022769
10262211493 28.6288687 77.2029034
10262211494 28.6284957 77.2026036
10262211495 28.6286737 77.2027467
10262211496 28.628824 77.2025006
10262211497 28.6289797 77.2022196
10262211498 28.6281056 77.2027048
10262211499 28.6286095 77.2030658
10262211500 28.628616 77.2027003
10262211501 28.6284594 77.2029583
10262239775 28.6312965 77.2028248
10262239776 28.6302879 77.2020999
10262239777 28.6304128 77.2018608
10262239778 28.6301077 77.2024448
10262239779 28.6310427 77.2032586
10262239780 28.6310621 77.2026563
10262239781 28.6307958 77.2030831
10262239782 28.6307551 77.2024356
10262239783 28.6305137 77.2028825
10262239784 28.630848 77.2025025
10262239785 28.6305778 77.2029282
10262239803 28.6268828 77.2019293
10262239804 28.6274347 77.2023241
10262239805 28.6278894 77.2026533
10262310953 28.6311782 77.2091668
10262310954 28.631189 77.2089507
10262310959 28.6303541 77.208851
10262310960 28.6308177 77.2088791
10262310962 28.6308559 77.2091457
10262310963 28.6308688 77.2089383
10262310964 28.6310194 77.2089441
10262310965 28.6310432 77.2085957
10262310966 28.630831 77.2084856
10262310971 28.6299955 77.2090894
10262384319 28.6304466 77.2111536
10262384320 28.6309842 77.2140058
10262384321 28.6307057 77.2141811
10262384322 28.6288958 77.2104831
10262384323 28.6294544 77.2117262
10262384324 28.6289868 77.2106855
10262384325 28.6293137 77.2105084
10262384326 28.6291275 77.2106093
10262384332 28.6291451 77.2106477
10262384333 28.6291818 77.2107276
10262384336 28.6291585 77.2106768
10264219701 28.6270557 77.210765
10264219706 28.6269579 77.2110771
10264255630 28.6280741 77.2087295
10264255632 28.6287545 77.2101523
10264255633 28.6286164 77.2102342
10264255634 28.6293749 77.2097543
10264255635 28.6292728 77.2098199
10264255636 28.6294188 77.2101718
10264255637 28.6281872 77.2089608
10264255638 28.6287095 77.2086637
10264255640 28.6291463 77.209627
10264255641 28.6282776 77.2094901
10264255642 28.6284091 77.2094145
10264255643 28.6289383 77.2091147
10264255644 28.628865 77.2089701
10264255645 28.6290504 77.2088744
10264255647 28.6289045 77.2084788
10264255649 28.6282509 77.2108177
10264255650 28.6282302 77.2111574
10264255651 28.6280106 77.2108071
10264255653 28.6280531 77.2110538
10264255654 28.6277627 77.2107962
10264255656 28.6278882 77.2110406
10264255657 28.6275429 77.2107865
10264255659 28.6276761 77.2111239
10264255660 28.6272935 77.2107755
10264255661 28.6272936 77.2110194
10264290717 28.6267448 77.2113018
10264290718 28.6269833 77.2113064
10264290719 28.6269905 77.2112139
10264290722 28.6268998 77.2115767
10264290723 28.6270127 77.2118507
10264290726 28.6272029 77.2119176
10264318164 28.6196697 77.2156848
10264318165 28.6196451 77.216283
10264328243 28.6214335 77.2152441
10264328244 28.6214762 77.2155133
10264334421 28.6266867 77.2150807
10264334423 28.6270749 77.2150514
10264334424 28.6266478 77.2151697
10264384042 28.620852 77.2145642
10264384043 28.6208565 77.2142827
10264384044 28.6212198 77.2142899
10264384045 28.6211109 77.2130891
10264384047 28.619746 77.2129884
10264384048 28.6193779 77.2130156
10264384050 28.619773 77.2127971
10264384051 28.6193939 77.2127715
10264384052 28.6190498 77.2156395
10264384053 28.6190811 77.2148617
10264384054 28.6190646 77.2152728
10264384056 28.6195092 77.2156731
10264542479 28.6217706 77.2118122
10264640742 28.6236306 77.2064717
10264640759 28.621479 77.2083757
10264640761 28.6221548 77.2077088
10264741988 28.6266453 77.204623
10264741989 28.6260352 77.2032693
10264764670 28.6242554 77.2064322
10264764673 28.6245293 77.2056465
10273081180 28.6275796 77.229002
10273081181 28.6275195 77.228964
10274798166 28.6398859 77.2080662
10274798170 28.6398541 77.2076823
10274798171 28.6399137 77.2082082
10274798174 28.6395452 77.2082355
10274798175 28.634336 77.2062512
10289210645 28.643751 77.2286516
10289210647 28.6438508 77.2289996
10289210648 28.6440883 77.2294595
10559229805 28.643414 77.2021302
10617616678 28.6372002 77.2137168
10617616680 28.6375539 77.2121567
10991487930 28.6272405 77.2125057
10993933834 28.6408085 77.2119315
10993933837 28.6406665 77.2121831
10993972259 28.6408508 77.2143375
10994014906 28.6407133 77.2162766
10994014909 28.6408336 77.2156974
10996521841 28.6374604 77.2145785
11002611455 28.6299585 77.2152012
11006971219 28.6364401 77.2107627
11006971222 28.6354414 77.2097221
11015440232 28.6349125 77.2096294
11015440233 28.6350428 77.2093927
11015440236 28.6348591 77.2091742
11015446883 28.6343804 77.2092274
11015451857 28.6326592 77.2047719
11015451862 28.6333891 77.2039995
11015452662 28.6326533 77.2052119
11015452663 28.6331628 77.205276
11015635309 28.6363044 77.2050022
11015635312 28.6343726 77.2045996
11015635313 28.6347633 77.2046148
11015635316 28.6347829 77.2051791
11015635317 28.6350643 77.2046265
11015635318 28.6351009 77.2052417
11015635321 28.6359797 77.2055932
11015635322 28.635977 77.2047866
11015635323 28.6355988 77.2053645
11015635324 28.6356722 77.204698
11015635325 28.6353735 77.2052917
11015635326 28.6353656 77.2046526
11024569727 28.6357365 77.231363
11024569728 28.6357171 77.2316671
11024823774 28.6414373 77.2157339
11024823775 28.6418009 77.2156044
11235524823 28.6432108 77.2060738
11301690339 28.627821 77.2087143
11301690340 28.6279006 77.2086619
11301690347 28.632474 77.2084196
11462925576 28.6311799 77.2159299
11462925584 28.6308149 77.2146657
11607465284 28.6218713 77.211626
11607465286 28.6226383 77.2120976
11655342595 28.6239163 77.2247278
11676043748 28.6364438 77.2272063
11726690852 28.6335228 77.2084952
11778278947 28.640413 77.2083092
11778278948 28.6404094 77.2084071
11801983080 28.6278414 77.2051833
11841197775 28.6404591 77.2315901
11939765548 28.6219354 77.211673
11939765549 28.6212546 77.2126536
11939765550 28.6194082 77.2125172
11939765551 28.619315 77.2125111
11980190350 28.6286157 77.2036189
11980204972 28.628734 77.2037039
11980204973 28.6281228 77.2044807
11980204980 28.6281424 77.2045515
11980204981 28.6281769 77.2046024
11980204989 28.6284738 77.2039767
11980204992 28.6285218 77.2040052
12044622897 28.6301422 77.2239972
12097013220 28.621701 77.2316429
12097013221 28.6217149 77.2317249
12097104464 28.6389127 77.2228422
12097104465 28.637721 77.2228473
12097109466 28.6373914 77.229757
12105677254 28.6290636 77.231769
12120014820 28.6413881 77.2166426
12145877138 28.6288475 77.2264166
12145877139 28.6288703 77.2265345
12145877142 28.6288098 77.2264973
12145877145 28.6289144 77.2264549
12145993614 28.6373826 77.2270608
12145993615 28.6375922 77.2270336
12213881799 28.6433022 77.2295532
12284976682 28.6390768 77.222858
12488276426 28.6367639 77.2064346
12728184167 28.6219344 77.2163732
12744307258 28.621948 77.2116058
12816056486 28.6301219 77.2176977
12816056487 28.6300736 77.2177886
12836557588 28.632977 77.2229795
12836557589 28.6329938 77.2234235
12865950983 28.6376865 77.2230817
12865950987 28.637622 77.2232788
13018550234 28.6336032 77.2086109
13083872097 28.6436113 77.2302523
13083894304 28.6446066 77.2295844
13083894305 28.6434802 77.2302627
13083894307 28.6436273 77.2294755
13083894310 28.6446221 77.2301506
13083894311 28.6441169 77.2302
13087429776 28.6375495 77.2232308
13371424373 28.6321384 77.2286504
13439866813 28.6291694 77.2148357
13564369581 28.6400798 77.2187454
13564369596 28.6371586 77.2185591
13593228370 28.62252 77.2309563
13605042202 28.6332625 77.2028579
13605042203 28.6331151 77.2031177
13683334003 28.6421355 77.2183999
13927682234 28.6371506 77.2192067
13927682257 28.6375307 77.2192193
13927682262 28.6368634 77.2192025
13991917687 28.6404115 77.2098988
13991917688 28.6405065 77.21056
14001945360 28.6253945 77.2057626
14001945380 28.6258248 77.2042125
14001945383 28.6261805 77.20501
14001945384 28.6260961 77.2050686
14001945385 28.6257379 77.2042637
